function u_exact = implifier_end_solution
u_exact = [...
   -0.5562145012262709e-2; ...
    0.3006522471903042e1; ...
    0.2849958788608128e1; ...
    0.2926422536206241e1; ...
    0.2704617865010554e1; ...
    0.2761837778393145e1; ...
    0.4770927631616772e1; ...
    0.1236995868091548e1];
end